Obj 		1 2 3 4 5 6 7 8 9 10 11 12
ObjG		1 2 3 4 5 6 7 8 9 10 11 12 13 14 15 16
ObjS 		1 2 3 4 5 6 7 8 9 10 11 12 19 32 45
ObjGS		1 2 3 4 5 6 7 8 9 10 11 12 13 14 15 16 19 32 45
Func 		1 2 17 18 20 21 22 23 24 25 30 31 33 34 35 36 37 38 43 44 46 47 48 49 50 51 
FuncG 		1 2 17 18 20 21 22 23 24 25 30 31 33 34 35 36 37 38 43 44 46 47 48 49 50 51 26 27 28 29 39 40 41 42 52 53 54 55
FuncS  		1 2 17 18 20 21 22 23 24 25 30 31 33 34 35 36 37 38 43 44 46 47 48 49 50 51 19 32 45
FuncGS 		1 2 17 18 20 21 22 23 24 25 30 31 33 34 35 36 37 38 43 44 46 47 48 49 50 51 26 27 28 29 39 40 41 42 52 53 54 55 19 32 45
Gen 		1 2 13 14 15 16 26 27 28 29 39 40 41 42 52 53 54 5
GenS 		1 2 13 14 15 16 26 27 28 29 39 40 41 42 52 53 54 5 19 32 45
Comp 		1 2 3 4 5 6 7 8 9 10 11 12 17 18 20 21 22 23 24 25 30 31 33 34 35 36 37 38 43 44 46 47 48 49 50 51
CompG 		1 2 3 4 5 6 7 8 9 10 11 12 17 18 20 21 22 23 24 25 30 31 33 34 35 36 37 38 43 44 46 47 48 49 50 51 13 14 15 16 26 27 28 29 39 40 41 42 52 53 54 55
CompS  		1 2 3 4 5 6 7 8 9 10 11 12 17 18 20 21 22 23 24 25 30 31 33 34 35 36 37 38 43 44 46 47 48 49 50 51 19 32 45
CompGS 		1 2 3 4 5 6 7 8 9 10 11 12 17 18 20 21 22 23 24 25 30 31 33 34 35 36 37 38 43 44 46 47 48 49 50 51 13 14 15 16 26 27 28 29 39 40 41 42 52 53 54 55 19 32 45


default 1 2

Obj 	3 4 5 6 7 8 9 10 11 12

Func 	17 18 20 21 22 23 24 25 30 31 33 34 35 36 37 38 43 44 46 47 48 49 50 51 

func G 	26 27 28 29 39 40 41 42 52 53 54 55

obj G 	13 14 15 16

Score 	19 32 45